1763745912206 0.0005548519061583579 0
1763746001699 0.0010555479034701858 1
1763746092201 0.0015012329007820138 2
1763746184318 0.0014194505000000002 3
1763746273810 0.0013369340000000001 4
1763746363547 0.0012544175 5
1763746455069 0.001171901 6
1763746544448 0.0010893845 7
1763746634735 0.001006868 8
1763746725766 0.0009243515000000001 9
1763746820296 0.0008418350000000001 10
1763746915027 0.0007593185 11
1763747008821 0.0006768020000000001 12
1763747106418 0.0005942855 13
1763747200107 0.0005117690000000001 14
1763747291893 0.00042925250000000004 15
1763747384465 0.00034673599999999994 16
1763747477121 0.00026421950000000006 17
1763747570211 0.00018170299999999996 18
1763747663330 9.918650000000008e-05 19
