1763745917084 0.21128 0
1763746006677 0.22751 1
1763746097515 0.21999 2
1763746189451 0.24285 3
1763746278969 0.33956 4
1763746368409 0.34167 5
1763746459951 0.36541 6
1763746549384 0.39204 7
1763746639860 0.38204 8
1763746731060 0.41852 9
1763746825760 0.41226 10
1763746920421 0.40635 11
1763747014501 0.43266 12
1763747111517 0.43348 13
1763747205064 0.45001 14
1763747297174 0.45763 15
1763747389697 0.47349 16
1763747482527 0.47889 17
1763747575234 0.49081 18
1763747668703 0.49379 19
1763747674245 0.4942136880476302 19
