1763745917084 0.43819 0
1763746006677 0.47279 1
1763746097515 0.44142 2
1763746189451 0.47564 3
1763746278969 0.59732 4
1763746368409 0.62354 5
1763746459951 0.65805 6
1763746549384 0.66584 7
1763746639860 0.65435 8
1763746731060 0.69975 9
1763746825760 0.70149 10
1763746920421 0.68293 11
1763747014501 0.71557 12
1763747111517 0.72593 13
1763747205064 0.73014 14
1763747297174 0.73195 15
1763747389697 0.74643 16
1763747482527 0.76211 17
1763747575234 0.76039 18
1763747668703 0.76281 19
1763747674245 0.763056892617545 19
