1763745917084 0.53348 0
1763746006677 0.52845 1
1763746097515 0.56695 2
1763746189451 0.56973 3
1763746278969 0.66197 4
1763746368409 0.64432 5
1763746459951 0.7143 6
1763746549384 0.7016 7
1763746639860 0.71359 8
1763746731060 0.72373 9
1763746825760 0.75798 10
1763746920421 0.71523 11
1763747014501 0.77379 12
1763747111517 0.75234 13
1763747205064 0.77466 14
1763747297174 0.80514 15
1763747389697 0.80808 16
1763747482527 0.82551 17
1763747575234 0.80977 18
1763747668703 0.84097 19
1763747674245 0.8398829060508243 19
