1763745917084 0.44101 0
1763746006677 0.44889 1
1763746097515 0.39468 2
1763746189451 0.4289 3
1763746278969 0.57716 4
1763746368409 0.5776 5
1763746459951 0.60771 6
1763746549384 0.61939 7
1763746639860 0.62534 8
1763746731060 0.66477 9
1763746825760 0.66077 10
1763746920421 0.65376 11
1763747014501 0.66284 12
1763747111517 0.68536 13
1763747205064 0.68736 14
1763747297174 0.67307 15
1763747389697 0.6958 16
1763747482527 0.70386 17
1763747575234 0.71021 18
1763747668703 0.69365 19
1763747674245 0.6942427218116802 19
